horodatage_unix,date_heure_utc,temperature_locale_C,humidite_air_locale_pct,pluie_modele_mm,vent_m_s,humidite_sol_pct,debit_L_min,meteo_temperature_C,meteo_humidite_pct,meteo_pluie_mm,meteo_vent_m_s,prediction_mlp_activee,probabilite_irrigation,demande_irrigation,volume_modele_litres,cible_humidite_sol_pct,vanne_ouverte,dose_livree_L,dose_cible_L,vent_bloque_arrosage,saisie_age_jours,saisie_culture_idx,saisie_sol_idx,saisie_culture_nom,saisie_sol_nom
1778815106,2026-05-15T03:18:26Z,21.7,57.5,0.0,1.08,0.0,0.0,13.1,90.0,0.0,1.08,1,0.994123,1,1.715377,30.0,1,0.0,1.714719,0,12,2,2,Tomato,Sandy
1778815111,2026-05-15T03:18:31Z,21.7,57.5,0.0,1.08,0.0,0.0,13.1,90.0,0.0,1.08,1,0.994123,1,1.715377,30.0,1,0.0,1.714719,0,12,2,2,Tomato,Sandy
1778815116,2026-05-15T03:18:36Z,21.8,57.5,0.0,1.08,0.0,0.0,13.1,90.0,0.0,1.08,1,0.994127,1,1.71529,30.0,1,0.0,1.714719,0,12,2,2,Tomato,Sandy
1778815121,2026-05-15T03:18:41Z,21.7,57.4,0.0,1.08,0.0,0.0,13.1,90.0,0.0,1.08,1,0.994122,1,1.715491,30.0,1,0.0,1.714719,0,12,2,2,Tomato,Sandy
1778815126,2026-05-15T03:18:46Z,21.7,57.7,0.0,1.08,0.0,0.0,13.1,90.0,0.0,1.08,1,0.994126,1,1.715149,30.0,1,0.0,1.714719,0,12,2,2,Tomato,Sandy
1778815131,2026-05-15T03:18:51Z,21.7,57.6,0.0,1.08,0.0,0.0,13.1,90.0,0.0,1.08,1,0.994124,1,1.715263,30.0,1,0.0,1.714719,0,12,2,2,Tomato,Sandy
1778815136,2026-05-15T03:18:56Z,21.7,57.5,0.0,1.08,0.0,0.0,13.1,90.0,0.0,1.08,1,0.994123,1,1.715377,30.0,1,0.0,1.714719,0,12,2,2,Tomato,Sandy
1778815141,2026-05-15T03:19:01Z,21.7,57.6,0.0,1.08,0.0,0.0,13.1,90.0,0.0,1.08,1,0.994124,1,1.715263,30.0,1,0.0,1.714719,0,12,2,2,Tomato,Sandy
1778815146,2026-05-15T03:19:06Z,21.7,57.6,0.0,1.08,0.0,0.0,13.1,90.0,0.0,1.08,1,0.994124,1,1.715263,30.0,1,0.0,1.714719,0,12,2,2,Tomato,Sandy
1778815151,2026-05-15T03:19:11Z,21.7,57.5,0.0,1.08,0.0,0.0,13.1,90.0,0.0,1.08,1,0.994123,1,1.715377,30.0,1,0.0,1.714719,0,12,2,2,Tomato,Sandy
1778815156,2026-05-15T03:19:16Z,21.7,57.5,0.0,1.08,0.0,0.0,13.1,90.0,0.0,1.08,1,0.994123,1,1.715377,30.0,1,0.0,1.714719,0,12,2,2,Tomato,Sandy
1778815161,2026-05-15T03:19:21Z,21.7,57.4,0.0,1.08,0.0,0.0,13.1,90.0,0.0,1.08,1,0.994122,1,1.715491,30.0,1,0.0,1.714719,0,12,2,2,Tomato,Sandy
1778815166,2026-05-15T03:19:26Z,21.7,57.5,0.0,1.08,0.0,0.0,13.1,90.0,0.0,1.08,1,0.994123,1,1.715377,30.0,1,0.0,1.714719,0,12,2,2,Tomato,Sandy
