crop_name,soil_type,crop_age_days,day_of_year,temperature_C,humidity_%,rainfall_mm,effective_rainfall_mm,solar_radiation_MJ_m2_day,wind_speed_m_s,field_capacity_%,wilting_point_%,soil_moisture_%,reference_evapotranspiration_ET0_mm_day,crop_coefficient_Kc,application_efficiency_%,root_zone_depth_m,available_water_content_mm_per_m,irrigation_interval_days,p_fraction,irrigate,irrigation_amount_m3
Tomato,Sandy,12,135,21.7,57.5,0.0,,,1.08,,,0.0,,,,,,,0.994123,1,1.715377
Tomato,Sandy,12,135,21.7,57.5,0.0,,,1.08,,,0.0,,,,,,,0.994123,1,1.715377
Tomato,Sandy,12,135,21.7,57.5,0.0,,,1.08,,,0.0,,,,,,,0.994123,1,1.715377
Tomato,Sandy,12,135,21.7,57.5,0.0,,,1.08,,,0.0,,,,,,,0.994123,1,1.715377
Tomato,Sandy,12,135,21.7,57.5,0.0,,,1.08,,,0.0,,,,,,,0.994123,1,1.715377
Tomato,Sandy,12,135,21.7,57.5,0.0,,,1.08,,,0.0,,,,,,,0.994123,1,1.715377
Tomato,Sandy,12,135,21.7,57.5,0.0,,,1.08,,,0.0,,,,,,,0.994123,1,1.715377
Tomato,Sandy,12,135,21.7,57.5,0.0,,,1.08,,,0.0,,,,,,,0.994123,1,1.715377
Tomato,Sandy,12,135,21.8,57.5,0.0,,,1.08,,,0.0,,,,,,,0.994127,1,1.71529
Tomato,Sandy,12,135,21.7,57.6,0.0,,,1.08,,,0.0,,,,,,,0.994124,1,1.715263
Tomato,Sandy,12,135,21.7,57.6,0.0,,,1.08,,,0.0,,,,,,,0.994124,1,1.715263
Tomato,Sandy,12,135,21.7,57.5,0.0,,,1.08,,,0.0,,,,,,,0.994123,1,1.715377
Tomato,Sandy,12,135,21.7,57.5,0.0,,,1.08,,,0.0,,,,,,,0.994123,1,1.715377
,,,135,21.7,57.5,0.0,,,1.14,,,0.0,,,,,,,,0,0.0
,,,135,21.7,57.8,0.0,,,1.14,,,0.0,,,,,,,,0,0.0
,,,135,21.7,57.8,0.0,,,1.14,,,0.0,,,,,,,,0,0.0
,,,135,21.7,57.8,0.0,,,1.14,,,0.0,,,,,,,,0,0.0
,,,135,21.7,57.8,0.0,,,1.14,,,0.0,,,,,,,,0,0.0
,,,135,21.7,57.7,0.0,,,1.14,,,0.0,,,,,,,,0,0.0
,,,135,21.7,57.6,0.0,,,1.14,,,0.0,,,,,,,,0,0.0
,,,135,21.7,57.5,0.0,,,1.14,,,0.0,,,,,,,,0,0.0
Tomato,Sandy,12,135,21.7,57.5,0.0,,,1.14,,,0.0,,,,,,,0.994123,1,1.715377
Tomato,Sandy,12,135,21.7,57.5,0.0,,,1.14,,,0.0,,,,,,,0.994123,1,1.715377
Tomato,Sandy,12,135,21.7,57.4,0.0,,,1.14,,,0.0,,,,,,,0.994122,1,1.715491
Tomato,Sandy,12,135,21.7,57.5,0.0,,,1.14,,,0.0,,,,,,,0.994123,1,1.715377
Tomato,Sandy,12,135,21.8,57.5,0.0,,,1.14,,,0.0,,,,,,,0.994127,1,1.71529
Tomato,Sandy,12,135,21.8,57.5,0.0,,,1.14,,,0.0,,,,,,,0.994127,1,1.71529
Tomato,Sandy,12,135,21.7,57.5,0.0,,,1.14,,,0.0,,,,,,,0.994123,1,1.715377
