crop_name,soil_type,crop_age_days,temperature_C,humidity_%,rainfall_mm,wind_speed_m_s,soil_moisture_%,p_fraction,irrigate,irrigation_amount_m3
Tomato,Sandy,12,21.7,57.4,0.0,1.14,0.0,0.994122,1,1.715491
Tomato,Sandy,12,21.7,57.5,0.0,1.14,0.0,0.994123,1,1.715377
Tomato,Sandy,12,21.8,57.5,0.0,1.14,0.0,0.994127,1,1.71529
Tomato,Sandy,12,21.7,57.5,0.0,1.14,0.0,0.994123,1,1.715377
Tomato,Sandy,12,21.8,57.5,0.0,1.14,0.0,0.994127,1,1.71529
Tomato,Sandy,12,21.7,57.6,0.0,1.14,0.0,0.994124,1,1.715263
Tomato,Sandy,12,21.8,57.6,0.0,1.14,0.0,0.994129,1,1.715176
Tomato,Sandy,12,21.7,57.6,0.0,1.14,0.0,0.994124,1,1.715263
Tomato,Sandy,12,21.8,57.9,0.0,1.14,0.0,0.994133,1,1.714833
Tomato,Sandy,12,21.8,58.0,0.0,1.14,0.0,0.994134,1,1.714719
Tomato,Sandy,12,21.8,58.0,0.0,1.14,0.0,0.994134,1,1.714719
Tomato,Sandy,12,21.8,58.0,0.0,1.14,0.0,0.994134,1,1.714719
Tomato,Sandy,12,21.8,58.0,0.0,1.14,0.0,0.994134,1,1.714719
Tomato,Sandy,12,21.8,57.9,0.0,1.14,0.0,0.994133,1,1.714833
Tomato,Sandy,12,21.8,58.0,0.0,1.14,0.0,0.994134,1,1.714719
Tomato,Sandy,12,21.7,57.9,0.0,1.14,0.0,0.994129,1,1.714921
Tomato,Sandy,12,21.8,57.8,0.0,1.14,0.0,0.994131,1,1.714947
Tomato,Sandy,12,21.8,57.7,0.0,1.14,0.0,0.99413,1,1.715061
Tomato,Sandy,12,21.7,57.7,0.0,1.14,0.0,0.994126,1,1.715149
Tomato,Sandy,12,21.8,57.7,0.0,1.14,0.0,0.99413,1,1.715061
Tomato,Sandy,12,21.8,57.7,0.0,1.14,0.0,0.99413,1,1.715061
Tomato,Sandy,12,21.8,57.7,0.0,1.14,0.0,0.99413,1,1.715061
Tomato,Sandy,12,21.8,57.8,0.0,1.14,0.0,0.994131,1,1.714947
Tomato,Sandy,12,21.7,57.9,0.0,1.14,0.0,0.994129,1,1.714921
Tomato,Sandy,12,21.8,57.9,0.0,1.14,0.0,0.994133,1,1.714833
Tomato,Sandy,12,21.8,57.8,0.0,1.14,0.0,0.994131,1,1.714947
Tomato,Sandy,12,21.8,57.7,0.0,1.14,0.0,0.99413,1,1.715061
Tomato,Sandy,12,21.8,57.7,0.0,1.14,0.0,0.99413,1,1.715061
Tomato,Sandy,12,21.8,57.7,0.0,1.14,0.0,0.99413,1,1.715061
Tomato,Sandy,12,21.8,57.8,0.0,1.14,0.0,0.994131,1,1.714947
Tomato,Sandy,12,21.8,57.6,0.0,1.14,0.0,0.994129,1,1.715176
Tomato,Sandy,12,21.8,57.5,0.0,1.14,0.0,0.994127,1,1.71529
Tomato,Sandy,12,21.8,57.6,0.0,1.14,0.0,0.994129,1,1.715176
Tomato,Sandy,12,21.8,57.6,0.0,1.14,0.0,0.994129,1,1.715176
Tomato,Sandy,12,21.8,57.6,0.0,1.14,0.0,0.994129,1,1.715176
Tomato,Sandy,12,21.8,57.5,0.0,1.14,0.0,0.994127,1,1.71529
Tomato,Sandy,12,21.8,57.5,0.0,1.14,0.0,0.994127,1,1.71529
Tomato,Sandy,12,21.8,57.4,0.0,1.14,0.0,0.994126,1,1.715404
Tomato,Sandy,12,21.8,57.3,0.0,1.14,0.0,0.994124,1,1.715518
Tomato,Sandy,12,21.8,57.1,0.0,1.14,0.0,0.994121,1,1.715746
Tomato,Sandy,12,21.8,57.3,0.0,1.14,0.0,0.994124,1,1.715518
Tomato,Sandy,12,21.8,57.4,0.0,1.14,0.0,0.994126,1,1.715404
Tomato,Sandy,12,21.8,57.2,0.0,1.14,0.0,0.994123,1,1.715632
Tomato,Sandy,12,21.9,57.3,0.0,1.14,0.0,0.994128,1,1.71543
Tomato,Sandy,12,21.8,57.2,0.0,1.14,0.0,0.994123,1,1.715632
